"","ID","age","gender","rt_dif","benevolent_score","hostile_score","DB","DB_conf","DB_skill"
"1",1,23,"Male",0.015598262552203,1.09090909090909,0.818181818181818,-0.0299232889958172,-0.0126271164362812,0.00079067824044827
"2",2,25,"Female",0.0351432775129623,0.909090909090909,0.0909090909090909,-0.0730879526771017,0.0354134314971656,-0.00327767162201645
"3",3,24,"Male",0.0201043377467071,0.727272727272727,0.363636363636364,0.00322269567352447,0.0482547281200786,-0.00295024666382473
"4",4,23,"Female",0.00469194186383127,1.90909090909091,2.45454545454545,-0.0930934554293914,0.0391124225432994,-0.00425411260260951
"5",5,24,"Male",0.0900150428765139,1.45454545454545,1.90909090909091,0.0395744521150502,0.0236051146397346,-9.30513039788514e-05
"6",6,21,"Female",-0.0411951952750096,2.09090909090909,2.45454545454545,-0.0531754402256551,-0.0517732490838636,0.00182767013258456
"7",7,24,"Male",-0.0635353784068985,2.63636363636364,2.18181818181818,-0.0956719011847731,0.0543187851485405,-0.000822836594862644
"8",8,21,"Female",-0.00637242839132579,1.90909090909091,2.45454545454545,0.0495730972420974,-0.00688258377973304,0.00241197231163503
"9",9,23,"Male",0.0196125856869785,1.63636363636364,0.636363636363636,-0.0985049376507684,0.0453388188733363,0.000749118201804153
"10",10,26,"Female",0.00392519152740482,1.36363636363636,2.09090909090909,0.0485868936590915,0.0108060555653094,0.00404810726554156
"11",11,23,"Male",0.0257386620011755,2.54545454545455,1.90909090909091,-0.212065779594579,0.0416712554466871,-0.000220754166422003
"12",12,24,"Female",0.0302333767014181,2,2.18181818181818,0.0378135364674309,-0.00314393497090976,0.00351908643463161
"13",13,23,"Male",0.00920924299790431,0.636363636363636,1.90909090909091,0.0334933511631751,0.0193256633378149,-0.000430292214998614
"14",14,25,"Female",0.0640472815303147,2.27272727272727,2.81818181818182,-0.0429959076236285,0.0130176507580483,-0.00065006647141314
"15",15,20,"Male",-0.0690309678983145,1.18181818181818,0.818181818181818,-0.0527626191820654,0.0157404550432222,-0.00176751477913644
"16",16,21,"Female",0.038583149923052,1.45454545454545,2.27272727272727,-0.0382371643087245,0.0368960469757814,0.00301521465661778
"17",17,20,"Male",-0.00917507018704114,2.09090909090909,1.18181818181818,-0.0481256959440001,0.0416578666573052,-0.00438923986241679
"18",18,21,"Female",-0.0670454740820663,1.45454545454545,2.27272727272727,0.0784122514202683,0.00680973410744234,0.000991181494602085
"19",19,20,"Male",0.0332503333760086,1.18181818181818,0.818181818181818,-0.0276163600467087,0.0131284263748968,0.00228296316314642
"20",20,21,"Female",-0.0616134785122601,0.363636363636364,1.09090909090909,0.063350231813642,0.0146633753142443,-0.00114153332771674
"21",21,24,"Male",0.0366058915441223,1.72727272727273,1,0.0632751978511333,0.00774187683602515,0.00162391237607776
"22",22,23,"Female",0.0513741128451066,1.45454545454545,1.09090909090909,0.0629687509078317,0.0141206886855572,-0.00132215950547049
"23",23,24,"Male",-0.00592827204411756,1.27272727272727,1.18181818181818,0.0554185240789402,0.000956337403470085,0.00406939491630809
"24",24,25,"Female",-0.0714755452378176,1.18181818181818,0.454545454545455,0.0202193489883026,-0.0144983672144129,0.00737048612777074
"25",26,24,"Female",0.113446825609099,0.363636363636364,0.272727272727273,-0.0399720190115393,0.0344875648044936,-0.000979322173208195
"26",27,23,"Male",0.1139987017873,2.09090909090909,2.09090909090909,-0.0712452445923316,-0.00902658461925856,-0.00226401950905649
"27",28,23,"Female",0.0327692941346327,0.272727272727273,1.09090909090909,-0.0680687784248386,0.0221519398108731,0.00449319629542818
"28",29,23,"Male",-0.0508549198235669,1.72727272727273,1.81818181818182,-0.033245559013166,0.0370974713543205,0.00537602167508694
"29",30,24,"Female",0.0733269447756432,1.54545454545455,2.27272727272727,0.144418212256521,-0.0152383952090805,-0.00640728068823803
"30",31,25,"Male",-0.0607780002692975,0.545454545454545,0,0.0651729707367369,0.00969413381606588,0.000435664443975039
"31",32,26,"Female",-0.0169127962003,2.09090909090909,0.909090909090909,0.143121283929402,-0.0598949762471852,-0.00247797201017396
"32",33,24,"Male",0.030162583255981,1.81818181818182,2.09090909090909,-0.0525048995033664,0.0196444083719953,0.00165132061733591
"33",34,23,"Female",-0.0569674939622108,1.81818181818182,3.54545454545455,0.0589428328539708,-0.00290880279050691,0.00294665444566173
"34",35,24,"Male",0.00969294723959861,1.90909090909091,2.18181818181818,-0.0483413209856361,0.0421587509134505,0.00134577388102266
"35",36,24,"Female",-0.0340876578549557,1.63636363636364,1.81818181818182,0.0255596225576991,0.00707685944907459,-0.00754518487900502
"36",37,21,"Male",-0.0937924930481685,2.27272727272727,2.45454545454545,0.0169527254638455,0.013502692242621,-0.000827721874632931
"37",38,22,"Female",-0.0404480294527092,2.54545454545455,2.27272727272727,-0.0813610234101414,0.0419271030828512,0.00157906951827222
"38",39,24,"Male",0.0731662425893957,2.27272727272727,2.18181818181818,-0.1116369924313,0.0341983833106691,-0.00334217784568729
"39",40,26,"Female",-0.0234502153076434,1.90909090909091,0.909090909090909,-0.0424030614806087,0.0231354230645527,-0.000222993954809321
"40",41,21,"Male",-0.00366609952521448,1.18181818181818,1.18181818181818,0.0824405806474838,-0.00297664409233366,-0.00147527303500549
"41",42,24,"Female",0.0517540971703582,0.727272727272727,1.09090909090909,0.0374138456506921,-0.00198095333965874,-0.000309223224054717
"42",43,25,"Male",0.0420593088244712,2.18181818181818,2.18181818181818,-0.0629085855206731,-0.00857856418436154,-0.00594301846169731
"43",44,24,"Female",-0.0119303175996487,2,1.09090909090909,-0.0659635768029438,0.0197849795587663,-5.31216076219761e-05
"44",45,24,"Male",-0.104463778540127,1.45454545454545,1.36363636363636,-0.104955819515076,0.0107593387046478,0.00169027556799177
"45",46,27,"Female",-0.00748399628383461,0.636363636363636,1,0.0730405512105862,-0.0270297915677853,-8.42198467166822e-05
"46",47,24,"Male",-0.123376147973625,1.63636363636364,2,-0.0514545138402713,0.0432252411342167,0.0042976820344052
"47",48,23,"Female",-0.0291412264921781,1.63636363636364,2.90909090909091,-0.0748882723346616,-0.129259784403206,0.0022978238008296
"48",49,20,"Male",0.0320369372414702,3.18181818181818,2.27272727272727,0.0657997056373628,-0.00280500831817836,0.000615895914973606
"49",50,22,"Female",0.00254989648755031,1.36363636363636,1.72727272727273,0.0693436053720882,0.00553634066696894,-0.000473595837540559
"50",51,20,"Male",0.00999501753223392,2.72727272727273,1.72727272727273,-0.00967718283902595,-0.007867821827513,0.00244186993345662
"51",52,22,"Female",0.00355620465190578,1.63636363636364,2,0.0602423077985214,0.00611596487758517,-0.00444175081206421
"52",53,18,"Male",0.0143937050740199,2.45454545454545,1,0.112455191103014,-0.0326191404630485,0.00960151111230156
"53",54,18,"Female",-0.0855533171529443,1.18181818181818,1,0.0213838736786134,-0.00732798798320051,-0.00130720203499423
"54",55,21,"Male",0.0883302699639656,2.18181818181818,1.63636363636364,-0.0139184171350358,0.0205322017940289,-0.0058714941535202
"55",56,22,"Female",-0.025824002113705,1.45454545454545,2.81818181818182,-0.0460093776353869,0.00651127809093602,-0.00367837259768457
"56",57,22,"Male",-0.0718212746090947,1.27272727272727,0.545454545454545,0.11907284746937,0.000374433905045379,0.000886003586616572
"57",58,21,"Female",0.0819334567454413,1.27272727272727,2,0.196215424983415,-0.0985199337936171,0.00585855533852856
"58",59,21,"Male",-0.00312625069666976,2.63636363636364,1.54545454545455,0.019092138870188,0.0155676195911217,-0.00143525933063337
"59",60,21,"Female",-0.0037051002410985,2.45454545454545,1.63636363636364,0.114632272651769,-0.0164473650002833,-0.000782125159683389
"60",61,23,"Male",-0.0208814195536583,1.81818181818182,2.09090909090909,0.0865394843799171,-0.0241663972053321,0.0025782008155044
"61",62,22,"Female",0.0778185317178396,1.45454545454545,1.45454545454545,0.00631905846734491,0.0321106270582459,0.00631013720576001
"62",63,23,"Male",0.00459146114991424,2.18181818181818,1.54545454545455,-0.0468643412068581,0.01178213960696,-0.000877788989343836
"63",64,20,"Female",-0.0666244924121905,0.818181818181818,1.18181818181818,-0.0279582957761231,0.00807080459497691,0.0136428013524773
